a99bc9df-84ae-418c-bf7b-2dd963fe109f,10000,34050,32613,1767
a99bc9df-84ae-418c-bf7b-2dd963fe109f,10000,34047,21235,6650
a99bc9df-84ae-418c-bf7b-2dd963fe109f,10000,34054,11669,11291
a99bc9df-84ae-418c-bf7b-2dd963fe109f,10000,34040,12063,1293
a99bc9df-84ae-418c-bf7b-2dd963fe109f,10000,34053,21284,11285
a99bc9df-84ae-418c-bf7b-2dd963fe109f,10000,34051,32216,7175
a99bc9df-84ae-418c-bf7b-2dd963fe109f,10000,34048,42195,1378
a99bc9df-84ae-418c-bf7b-2dd963fe109f,10000,34056,11974,6509
a99bc9df-84ae-418c-bf7b-2dd963fe109f,10000,34046,31931,11736
a99bc9df-84ae-418c-bf7b-2dd963fe109f,10000,34047,21572,997
a99bc9df-84ae-418c-bf7b-2dd963fe109f,10000,34042,6366,1158

