ab8190d5-d11e-4941-acc4-42f30510,10093,140,1674,1712
ab8190d5-d11e-4941-acc4-42f30510,10093,141,1737,1404
ab8190d5-d11e-4941-acc4-42f30510,10093,142,1729,1332
ab8190d5-d11e-4941-acc4-42f30510,10093,143,1474,1525
ab8190d5-d11e-4941-acc4-42f30510,10093,144,1405,1560
ab8190d5-d11e-4941-acc4-42f30510,10093,145,774,636
ab8190d5-d11e-4941-acc4-42f30510,10093,146,1888,1263
ab8190d5-d11e-4941-acc4-42f30510,10093,147,1963,1253
ab8190d5-d11e-4941-acc4-42f30510,10093,148,1921,1195
ab8190d5-d11e-4941-acc4-42f30510,10093,149,1977,1137
ab8190d5-d11e-4941-acc4-42f30510,10093,150,480,574
ab8190d5-d11e-4941-acc4-42f30510,10093,900,1650,972
ab8190d5-d11e-4941-acc4-42f30510,10093,901,1385,695
ab8190d5-d11e-4941-acc4-42f30510,10093,902,741,383
ab8190d5-d11e-4941-acc4-42f30510,10093,903,667,410
ab8190d5-d11e-4941-acc4-42f30510,10093,904,455,515
ab8190d5-d11e-4941-acc4-42f30510,10093,905,316,593
ab8190d5-d11e-4941-acc4-42f30510,10093,906,257,620
ab8190d5-d11e-4941-acc4-42f30510,10093,907,374,850
ab8190d5-d11e-4941-acc4-42f30510,10093,908,443,949
ab8190d5-d11e-4941-acc4-42f30510,10093,909,496,1011
ab8190d5-d11e-4941-acc4-42f30510,10093,910,538,941
ab8190d5-d11e-4941-acc4-42f30510,10093,911,594,909
ab8190d5-d11e-4941-acc4-42f30510,10093,912,556,1065
ab8190d5-d11e-4941-acc4-42f30510,10093,913,601,1123
ab8190d5-d11e-4941-acc4-42f30510,10093,914,635,1172
ab8190d5-d11e-4941-acc4-42f30510,10093,915,1297,1370
ab8190d5-d11e-4941-acc4-42f30510,10093,916,1356,1317
ab8190d5-d11e-4941-acc4-42f30510,10093,917,1409,1275
ab8190d5-d11e-4941-acc4-42f30510,10093,918,1502,1201
ab8190d5-d11e-4941-acc4-42f30510,10093,919,1555,1157
a99bc9df-84ae-418c-bf7b-2dd963fe,59999,36850,1015,1554
a99bc9df-84ae-418c-bf7b-2dd963fe,59999,36851,1465,753
a99bc9df-84ae-418c-bf7b-2dd963fe,59999,36852,1407,755
a99bc9df-84ae-418c-bf7b-2dd963fe,59999,36853,1250,1484
a99bc9df-84ae-418c-bf7b-2dd963fe,59999,36854,958,1086
a99bc9df-84ae-418c-bf7b-2dd963fe,59999,36855,1063,1617
a99bc9df-84ae-418c-bf7b-2dd963fe,59999,36856,960,1564
a99bc9df-84ae-418c-bf7b-2dd963fe,59999,36857,1495,852
a99bc9df-84ae-418c-bf7b-2dd963fe,59999,36858,1529,900
a99bc9df-84ae-418c-bf7b-2dd963fe,59999,36859,783,694
a99bc9df-84ae-418c-bf7b-2dd963fe,59999,36860,963,1499
a99bc9df-84ae-418c-bf7b-2dd963fe,59999,36861,1360,631
a99bc9df-84ae-418c-bf7b-2dd963fe,59999,36862,1609,921
a99bc9df-84ae-418c-bf7b-2dd963fe,59999,36863,668,490
a99bc9df-84ae-418c-bf7b-2dd963fe,59999,36864,1306,645
a99bc9df-84ae-418c-bf7b-2dd963fe,59999,36865,913,1442
a99bc9df-84ae-418c-bf7b-2dd963fe,59999,36866,849,1443
a99bc9df-84ae-418c-bf7b-2dd963fe,59999,36867,720,882
a99bc9df-84ae-418c-bf7b-2dd963fe,59999,36868,1683,1321
a99bc9df-84ae-418c-bf7b-2dd963fe,59999,36869,896,1087
a99bc9df-84ae-418c-bf7b-2dd963fe,59999,36870,1319,586
a99bc9df-84ae-418c-bf7b-2dd963fe,59999,36871,1461,1006
a99bc9df-84ae-418c-bf7b-2dd963fe,59999,36873,1251,579
a99bc9df-84ae-418c-bf7b-2dd963fe,59999,36874,1199,522
a99bc9df-84ae-418c-bf7b-2dd963fe,59999,36875,1707,1678
a99bc9df-84ae-418c-bf7b-2dd963fe,59999,36876,1849,1600
a99bc9df-84ae-418c-bf7b-2dd963fe,59999,36877,1978,1534
a99bc9df-84ae-418c-bf7b-2dd963fe,59999,36878,2105,1518
a99bc9df-84ae-418c-bf7b-2dd963fe,59999,36879,2112,1463
a99bc9df-84ae-418c-bf7b-2dd963fe,59999,36880,2156,1496
a99bc9df-84ae-418c-bf7b-2dd963fe,59999,36881,2046,1496
a99bc9df-84ae-418c-bf7b-2dd963fe,59999,36882,1616,1718
a99bc9df-84ae-418c-bf7b-2dd963fe,59999,36883,1440,1814
a99bc9df-84ae-418c-bf7b-2dd963fe,59999,36884,1307,1895
a99bc9df-84ae-418c-bf7b-2dd963fe,59999,36885,2180,1429
a99bc9df-84ae-418c-bf7b-2dd963fe,59999,36886,1257,1900
a99bc9df-84ae-418c-bf7b-2dd963fe,59999,36887,1226,1870
a99bc9df-84ae-418c-bf7b-2dd963fe,59999,36888,815,1331
a99bc9df-84ae-418c-bf7b-2dd963fe,59999,36889,764,1268
a99bc9df-84ae-418c-bf7b-2dd963fe,59999,36891,665,1272
a99bc9df-84ae-418c-bf7b-2dd963fe,59999,36892,669,1228
a99bc9df-84ae-418c-bf7b-2dd963fe,59999,36893,1503,800
a99bc9df-84ae-418c-bf7b-2dd963fe,59999,36894,978,273
a99bc9df-84ae-418c-bf7b-2dd963fe,59999,36895,1736,844
a99bc9df-84ae-418c-bf7b-2dd963fe,59999,36896,721,1226
a99bc9df-84ae-418c-bf7b-2dd963fe,59999,36897,1541,845
a99bc9df-84ae-418c-bf7b-2dd963fe,59999,36898,711,863
a99bc9df-84ae-418c-bf7b-2dd963fe,59999,36899,1535,1096
a99bc9df-84ae-418c-bf7b-2dd963fe,59999,36980,0,0
a99bc9df-84ae-418c-bf7b-2dd963fe,59999,37378,1648,1289
a99bc9df-84ae-418c-bf7b-2dd963fe,59999,37379,1541,1817
a99bc9df-84ae-418c-bf7b-2dd963fe,59999,37380,830,1414
a99bc9df-84ae-418c-bf7b-2dd963fe,59999,37381,473,632
a99bc9df-84ae-418c-bf7b-2dd963fe,59999,37382,1829,1210
a99bc9df-84ae-418c-bf7b-2dd963fe,59999,37385,1322,1496
a99bc9df-84ae-418c-bf7b-2dd963fe,59999,37386,1375,1372
a99bc9df-84ae-418c-bf7b-2dd963fe,59999,37387,1409,1344
a99bc9df-84ae-418c-bf7b-2dd963fe,59999,37388,1954,1598
a99bc9df-84ae-418c-bf7b-2dd963fe,59999,48755,1443,1582
a99bc9df-84ae-418c-bf7b-2dd963fe,59999,48756,808,292
a99bc9df-84ae-418c-bf7b-2dd963fe,59999,48757,836,276
a99bc9df-84ae-418c-bf7b-2dd963fe,59999,48758,1648,1472
a99bc9df-84ae-418c-bf7b-2dd963fe,59999,48759,1385,1613
a99bc9df-84ae-418c-bf7b-2dd963fe,59999,49153,954,210
a99bc9df-84ae-418c-bf7b-2dd963fe,59999,49154,1777,1477
a99bc9df-84ae-418c-bf7b-2dd963fe,59999,49155,693,349
a99bc9df-84ae-418c-bf7b-2dd963fe,59999,49156,1245,605
a99bc9df-84ae-418c-bf7b-2dd963fe,59999,49157,1429,1899
a99bc9df-84ae-418c-bf7b-2dd963fe,59999,49158,1375,1848
a99bc9df-84ae-418c-bf7b-2dd963fe,59999,49159,1720,1644
a99bc9df-84ae-418c-bf7b-2dd963fe,59999,49160,1753,1500
a99bc9df-84ae-418c-bf7b-2dd963fe,59999,49162,1693,1012
a99bc9df-84ae-418c-bf7b-2dd963fe,59999,49163,924,229
a99bc9df-84ae-418c-bf7b-2dd963fe,59999,49164,1157,1454
a99bc9df-84ae-418c-bf7b-2dd963fe,59999,49165,1111,1553
a99bc9df-84ae-418c-bf7b-2dd963fe,59999,51565,297,676
a99bc9df-84ae-418c-bf7b-2dd963fe,59999,51566,389,562
a99bc9df-84ae-418c-bf7b-2dd963fe,59999,51567,1152,1515
a99bc9df-84ae-418c-bf7b-2dd963fe,59999,51568,600,454
a99bc9df-84ae-418c-bf7b-2dd963fe,59999,51569,1279,838
a99bc9df-84ae-418c-bf7b-2dd963fe,59999,51570,1869,1002
a99bc9df-84ae-418c-bf7b-2dd963fe,59999,51571,796,358
a99bc9df-84ae-418c-bf7b-2dd963fe,59999,51572,1826,1565
a99bc9df-84ae-418c-bf7b-2dd963fe,59999,51573,1713,831
a99bc9df-84ae-418c-bf7b-2dd963fe,59999,51574,1344,945
a99bc9df-84ae-418c-bf7b-2dd963fe,59999,51700,1787,1685
a99bc9df-84ae-418c-bf7b-2dd963fe,59999,51701,1379,986
a99bc9df-84ae-418c-bf7b-2dd963fe,59999,51702,1447,1067
a99bc9df-84ae-418c-bf7b-2dd963fe,59999,51703,1495,1047
a99bc9df-84ae-418c-bf7b-2dd963fe,59999,51704,798,972
a99bc9df-84ae-418c-bf7b-2dd963fe,59999,51705,1335,863
a99bc9df-84ae-418c-bf7b-2dd963fe,59999,51706,1175,427
a99bc9df-84ae-418c-bf7b-2dd963fe,59999,51707,731,514
a99bc9df-84ae-418c-bf7b-2dd963fe,59999,51708,691,538
a99bc9df-84ae-418c-bf7b-2dd963fe,59999,51709,724,605
a99bc9df-84ae-418c-bf7b-2dd963fe,59999,51710,1303,900
a99bc9df-84ae-418c-bf7b-2dd963fe,59999,51711,1603,1448
a99bc9df-84ae-418c-bf7b-2dd963fe,59999,51712,928,861
a99bc9df-84ae-418c-bf7b-2dd963fe,59999,51713,1073,307
a99bc9df-84ae-418c-bf7b-2dd963fe,59999,51714,1583,1788
a99bc9df-84ae-418c-bf7b-2dd963fe,59999,51715,1671,1254
a99bc9df-84ae-418c-bf7b-2dd963fe,59999,51716,967,829
a99bc9df-84ae-418c-bf7b-2dd963fe,59999,51717,1692,879
a99bc9df-84ae-418c-bf7b-2dd963fe,59999,51718,1530,1477
a99bc9df-84ae-418c-bf7b-2dd963fe,59999,51719,530,616
a99bc9df-84ae-418c-bf7b-2dd963fe,59999,51720,1800,1138
a99bc9df-84ae-418c-bf7b-2dd963fe,59999,51721,1843,1180
a99bc9df-84ae-418c-bf7b-2dd963fe,59999,51722,1379,912
a99bc9df-84ae-418c-bf7b-2dd963fe,59999,51723,1419,959
a99bc9df-84ae-418c-bf7b-2dd963fe,59999,51724,768,592
a99bc9df-84ae-418c-bf7b-2dd963fe,59999,51725,1480,1419
a99bc9df-84ae-418c-bf7b-2dd963fe,59999,51726,1185,1406
a99bc9df-84ae-418c-bf7b-2dd963fe,59999,51727,897,1015
a99bc9df-84ae-418c-bf7b-2dd963fe,59999,51728,805,912
a99bc9df-84ae-418c-bf7b-2dd963fe,59999,51729,759,927
a99bc9df-84ae-418c-bf7b-2dd963fe,59999,51730,1441,1380
a99bc9df-84ae-418c-bf7b-2dd963fe,59999,51731,1162,1313
a99bc9df-84ae-418c-bf7b-2dd963fe,59999,51732,1201,1356
a99bc9df-84ae-418c-bf7b-2dd963fe,59999,51733,1005,1141
a99bc9df-84ae-418c-bf7b-2dd963fe,59999,51734,1044,1187
a99bc9df-84ae-418c-bf7b-2dd963fe,59999,51735,1406,1404
a99bc9df-84ae-418c-bf7b-2dd963fe,59999,51736,1129,1750
a99bc9df-84ae-418c-bf7b-2dd963fe,59999,51737,1358,1531
a99bc9df-84ae-418c-bf7b-2dd963fe,59999,51738,1075,1695
a99bc9df-84ae-418c-bf7b-2dd963fe,59999,51739,1111,1261
a99bc9df-84ae-418c-bf7b-2dd963fe,59999,51740,1283,1518
a99bc9df-84ae-418c-bf7b-2dd963fe,59999,51741,1317,1559
a99bc9df-84ae-418c-bf7b-2dd963fe,59999,51742,1111,356
a99bc9df-84ae-418c-bf7b-2dd963fe,59999,52105,321,726
a99bc9df-84ae-418c-bf7b-2dd963fe,59999,52106,1790,1358
a99bc9df-84ae-418c-bf7b-2dd963fe,59999,52107,1638,1079
a99bc9df-84ae-418c-bf7b-2dd963fe,59999,52110,1799,1516
a99bc9df-84ae-418c-bf7b-2dd963fe,59999,52114,1600,1111
a99bc9df-84ae-418c-bf7b-2dd963fe,59999,52135,521,494
a99bc9df-84ae-418c-bf7b-2dd963fe,59999,53001,931,267
a99bc9df-84ae-418c-bf7b-2dd963fe,59999,53003,1738,1102
a99bc9df-84ae-418c-bf7b-2dd963fe,59999,53004,1351,772
a99bc9df-84ae-418c-bf7b-2dd963fe,59999,53005,1593,1226
a99bc9df-84ae-418c-bf7b-2dd963fe,59999,53006,861,303
a99bc9df-84ae-418c-bf7b-2dd963fe,59999,53007,357,793
a99bc9df-84ae-418c-bf7b-2dd963fe,59999,53008,408,886
a99bc9df-84ae-418c-bf7b-2dd963fe,59999,53009,1782,1345
a99bc9df-84ae-418c-bf7b-2dd963fe,59999,53014,1815,1047
a99bc9df-84ae-418c-bf7b-2dd963fe,59999,54050,1477,1255
a99bc9df-84ae-418c-bf7b-2dd963fe,59999,54051,886,808
a99bc9df-84ae-418c-bf7b-2dd963fe,59999,54052,1776,1638
a99bc9df-84ae-418c-bf7b-2dd963fe,59999,54053,862,717
a99bc9df-84ae-418c-bf7b-2dd963fe,59999,54054,918,780
a99bc9df-84ae-418c-bf7b-2dd963fe,59999,54058,1007,1216
a99bc9df-84ae-418c-bf7b-2dd963fe,59999,54059,1063,1274
a99bc9df-84ae-418c-bf7b-2dd963fe,59999,54060,1907,1570
a99bc9df-84ae-418c-bf7b-2dd963fe,59999,54061,1789,1168
a99bc9df-84ae-418c-bf7b-2dd963fe,59999,54062,1460,1215
a99bc9df-84ae-418c-bf7b-2dd963fe,59999,54063,1573,1744
a99bc9df-84ae-418c-bf7b-2dd963fe,59999,54064,1122,1006
a99bc9df-84ae-418c-bf7b-2dd963fe,59999,54065,1170,1069
a99bc9df-84ae-418c-bf7b-2dd963fe,59999,54066,976,914
a99bc9df-84ae-418c-bf7b-2dd963fe,59999,54067,1009,884
a99bc9df-84ae-418c-bf7b-2dd963fe,59999,54068,1067,947
a99bc9df-84ae-418c-bf7b-2dd963fe,59999,54069,1033,972
a99bc9df-84ae-418c-bf7b-2dd963fe,59999,54070,859,1382
a99bc9df-84ae-418c-bf7b-2dd963fe,59999,54071,833,743
a99bc9df-84ae-418c-bf7b-2dd963fe,59999,54072,1502,1774
a99bc9df-84ae-418c-bf7b-2dd963fe,59999,54073,850,963
a99bc9df-84ae-418c-bf7b-2dd963fe,59999,54074,1671,1413
a99bc9df-84ae-418c-bf7b-2dd963fe,59999,54075,1145,458
a99bc9df-84ae-418c-bf7b-2dd963fe,59999,54076,1621,1198
a99bc9df-84ae-418c-bf7b-2dd963fe,59999,54077,1087,396
a99bc9df-84ae-418c-bf7b-2dd963fe,59999,54078,1035,333
a99bc9df-84ae-418c-bf7b-2dd963fe,59999,54079,1656,860
a99bc9df-84ae-418c-bf7b-2dd963fe,59999,54080,1457,1463
a99bc9df-84ae-418c-bf7b-2dd963fe,59999,54081,1115,1332
a99bc9df-84ae-418c-bf7b-2dd963fe,59999,54082,850,1021
a99bc9df-84ae-418c-bf7b-2dd963fe,59999,54083,666,907
a99bc9df-84ae-418c-bf7b-2dd963fe,59999,54084,647,866
a99bc9df-84ae-418c-bf7b-2dd963fe,59999,54085,1284,1196
a99bc9df-84ae-418c-bf7b-2dd963fe,59999,54087,1230,1129
a99bc9df-84ae-418c-bf7b-2dd963fe,59999,54088,1139,1102
a99bc9df-84ae-418c-bf7b-2dd963fe,59999,54089,1112,1674
a99bc9df-84ae-418c-bf7b-2dd963fe,59999,54090,1173,1806
a99bc9df-84ae-418c-bf7b-2dd963fe,59999,54091,1215,1788
a99bc9df-84ae-418c-bf7b-2dd963fe,59999,54092,1251,1227
a99bc9df-84ae-418c-bf7b-2dd963fe,59999,54093,1337,1258
a99bc9df-84ae-418c-bf7b-2dd963fe,59999,54094,1301,1284
a99bc9df-84ae-418c-bf7b-2dd963fe,59999,54095,1168,1730
a99bc9df-84ae-418c-bf7b-2dd963fe,59999,54096,951,1151
a99bc9df-84ae-418c-bf7b-2dd963fe,59999,54097,1086,1037
,10092,63165,1241,1420
,10092,63166,1348,1891
,10092,63167,1192,1472
,10092,63168,1061,1581
a99bc9df-84ae-418c-bf7b-2dd963fe,59999,54086,1194,1160
a99bc9df-84ae-418c-bf7b-2dd963fe,59999,36890,2251,1393
