ab8190d5-d11e-4941-acc4-42f30510,10093,140,1902,-64822
ab8190d5-d11e-4941-acc4-42f30510,10093,141,7912,-35401
ab8190d5-d11e-4941-acc4-42f30510,10093,142,7149,-28523
ab8190d5-d11e-4941-acc4-42f30510,10093,143,-17178,-46959
ab8190d5-d11e-4941-acc4-42f30510,10093,144,-23760,-50303
ab8190d5-d11e-4941-acc4-42f30510,10093,145,-83956,37963
ab8190d5-d11e-4941-acc4-42f30510,10093,146,22317,-21932
ab8190d5-d11e-4941-acc4-42f30510,10093,147,29472,-20976
ab8190d5-d11e-4941-acc4-42f30510,10093,148,25465,-15436
ab8190d5-d11e-4941-acc4-42f30510,10093,149,30807,-9895
ab8190d5-d11e-4941-acc4-42f30510,10093,150,-112002,43885
ab8190d5-d11e-4941-acc4-42f30510,10093,900,-388,5866
ab8190d5-d11e-4941-acc4-42f30510,10093,901,-25668,32327
ab8190d5-d11e-4941-acc4-42f30510,10093,902,-87104,62131
ab8190d5-d11e-4941-acc4-42f30510,10093,903,-94163,59551
ab8190d5-d11e-4941-acc4-42f30510,10093,904,-114387,49521
ab8190d5-d11e-4941-acc4-42f30510,10093,905,-127648,42070
ab8190d5-d11e-4941-acc4-42f30510,10093,906,-133276,39491
ab8190d5-d11e-4941-acc4-42f30510,10093,907,-122115,17520
ab8190d5-d11e-4941-acc4-42f30510,10093,908,-115532,8063
ab8190d5-d11e-4941-acc4-42f30510,10093,909,-110476,2141
ab8190d5-d11e-4941-acc4-42f30510,10093,910,-106469,8828
ab8190d5-d11e-4941-acc4-42f30510,10093,911,-101127,11884
ab8190d5-d11e-4941-acc4-42f30510,10093,912,-104752,-3018
ab8190d5-d11e-4941-acc4-42f30510,10093,913,-100459,-8558
ab8190d5-d11e-4941-acc4-42f30510,10093,914,-97216,-13239
ab8190d5-d11e-4941-acc4-42f30510,10093,915,-34063,-32153
ab8190d5-d11e-4941-acc4-42f30510,10093,916,-28435,-27090
ab8190d5-d11e-4941-acc4-42f30510,10093,917,-23378,-23078
ab8190d5-d11e-4941-acc4-42f30510,10093,918,-14507,-16009
ab8190d5-d11e-4941-acc4-42f30510,10093,919,-9451,-11806
a99bc9df-84ae-418c-bf7b-2dd963fe,59999,36850,-60965,-49729
a99bc9df-84ae-418c-bf7b-2dd963fe,59999,36851,-18036,26786
a99bc9df-84ae-418c-bf7b-2dd963fe,59999,36852,-23569,26595
a99bc9df-84ae-418c-bf7b-2dd963fe,59999,36853,-38547,-43043
a99bc9df-84ae-418c-bf7b-2dd963fe,59999,36854,-66403,-5024
a99bc9df-84ae-418c-bf7b-2dd963fe,59999,36855,-56386,-55747
a99bc9df-84ae-418c-bf7b-2dd963fe,59999,36856,-66212,-50685
a99bc9df-84ae-418c-bf7b-2dd963fe,59999,36857,-15174,17329
a99bc9df-84ae-418c-bf7b-2dd963fe,59999,36858,-11931,12744
a99bc9df-84ae-418c-bf7b-2dd963fe,59999,36859,-83097,32422
a99bc9df-84ae-418c-bf7b-2dd963fe,59999,36860,-65926,-44475
a99bc9df-84ae-418c-bf7b-2dd963fe,59999,36861,-28053,38440
a99bc9df-84ae-418c-bf7b-2dd963fe,59999,36862,-4299,10738
a99bc9df-84ae-418c-bf7b-2dd963fe,59999,36863,-94068,51909
a99bc9df-84ae-418c-bf7b-2dd963fe,59999,36864,-33204,37103
a99bc9df-84ae-418c-bf7b-2dd963fe,59999,36865,-70696,-39031
a99bc9df-84ae-418c-bf7b-2dd963fe,59999,36866,-76801,-39126
a99bc9df-84ae-418c-bf7b-2dd963fe,59999,36867,-89107,14464
a99bc9df-84ae-418c-bf7b-2dd963fe,59999,36868,2760,-27472
a99bc9df-84ae-418c-bf7b-2dd963fe,59999,36869,-72317,-5119
a99bc9df-84ae-418c-bf7b-2dd963fe,59999,36870,-31964,42739
a99bc9df-84ae-418c-bf7b-2dd963fe,59999,36871,-18418,2618
a99bc9df-84ae-418c-bf7b-2dd963fe,59999,36873,-38451,43408
a99bc9df-84ae-418c-bf7b-2dd963fe,59999,36874,-43412,48853
a99bc9df-84ae-418c-bf7b-2dd963fe,59999,36875,5050,-61574
a99bc9df-84ae-418c-bf7b-2dd963fe,59999,36876,18596,-54124
a99bc9df-84ae-418c-bf7b-2dd963fe,59999,36877,30903,-47819
a99bc9df-84ae-418c-bf7b-2dd963fe,59999,36878,43018,-46290
a99bc9df-84ae-418c-bf7b-2dd963fe,59999,36879,43686,-41037
a99bc9df-84ae-418c-bf7b-2dd963fe,59999,36880,47883,-44189
a99bc9df-84ae-418c-bf7b-2dd963fe,59999,36881,37390,-44189
a99bc9df-84ae-418c-bf7b-2dd963fe,59999,36882,-3631,-65395
a99bc9df-84ae-418c-bf7b-2dd963fe,59999,36883,-20421,-74566
a99bc9df-84ae-418c-bf7b-2dd963fe,59999,36884,-33109,-82303
a99bc9df-84ae-418c-bf7b-2dd963fe,59999,36885,50173,-37789
a99bc9df-84ae-418c-bf7b-2dd963fe,59999,36886,-37879,-82781
a99bc9df-84ae-418c-bf7b-2dd963fe,59999,36887,-40836,-79915
a99bc9df-84ae-418c-bf7b-2dd963fe,59999,36888,-80044,-28427
a99bc9df-84ae-418c-bf7b-2dd963fe,59999,36889,-84910,-22409
a99bc9df-84ae-418c-bf7b-2dd963fe,59999,36891,-94354,-22791
a99bc9df-84ae-418c-bf7b-2dd963fe,59999,36892,-93972,-18588
a99bc9df-84ae-418c-bf7b-2dd963fe,59999,36893,-14411,22297
a99bc9df-84ae-418c-bf7b-2dd963fe,59999,36894,-64495,72638
a99bc9df-84ae-418c-bf7b-2dd963fe,59999,36895,7816,18094
a99bc9df-84ae-418c-bf7b-2dd963fe,59999,36896,-89012,-18397
a99bc9df-84ae-418c-bf7b-2dd963fe,59999,36897,-10786,17998
a99bc9df-84ae-418c-bf7b-2dd963fe,59999,36898,-89966,16279
a99bc9df-84ae-418c-bf7b-2dd963fe,59999,36899,-11358,-5979
a99bc9df-84ae-418c-bf7b-2dd963fe,59999,37378,-579,-24415
a99bc9df-84ae-418c-bf7b-2dd963fe,59999,37379,-10786,-74852
a99bc9df-84ae-418c-bf7b-2dd963fe,59999,37380,-78613,-36356
a99bc9df-84ae-418c-bf7b-2dd963fe,59999,37381,-112670,38345
a99bc9df-84ae-418c-bf7b-2dd963fe,59999,37382,16688,-16869
a99bc9df-84ae-418c-bf7b-2dd963fe,59999,37385,-31678,-44189
a99bc9df-84ae-418c-bf7b-2dd963fe,59999,37386,-26622,-32344
a99bc9df-84ae-418c-bf7b-2dd963fe,59999,37387,-23378,-29669
a99bc9df-84ae-418c-bf7b-2dd963fe,59999,37388,28613,-53932
a99bc9df-84ae-418c-bf7b-2dd963fe,59999,48755,-20135,-52404
a99bc9df-84ae-418c-bf7b-2dd963fe,59999,48756,-80712,70823
a99bc9df-84ae-418c-bf7b-2dd963fe,59999,48757,-78041,72352
a99bc9df-84ae-418c-bf7b-2dd963fe,59999,48758,-579,-41896
a99bc9df-84ae-418c-bf7b-2dd963fe,59999,48759,-25668,-55365
a99bc9df-84ae-418c-bf7b-2dd963fe,59999,49153,-66784,78657
a99bc9df-84ae-418c-bf7b-2dd963fe,59999,49154,11728,-42374
a99bc9df-84ae-418c-bf7b-2dd963fe,59999,49155,-91683,65379
a99bc9df-84ae-418c-bf7b-2dd963fe,59999,49156,-39024,40924
a99bc9df-84ae-418c-bf7b-2dd963fe,59999,49157,-21471,-82686
a99bc9df-84ae-418c-bf7b-2dd963fe,59999,49158,-26622,-77814
a99bc9df-84ae-418c-bf7b-2dd963fe,59999,49159,6290,-58327
a99bc9df-84ae-418c-bf7b-2dd963fe,59999,49160,9438,-44571
a99bc9df-84ae-418c-bf7b-2dd963fe,59999,49162,3714,2045
a99bc9df-84ae-418c-bf7b-2dd963fe,59999,49163,-69646,76842
a99bc9df-84ae-418c-bf7b-2dd963fe,59999,49164,-47419,-40177
a99bc9df-84ae-418c-bf7b-2dd963fe,59999,49165,-51807,-49634
a99bc9df-84ae-418c-bf7b-2dd963fe,59999,51565,-129460,34142
a99bc9df-84ae-418c-bf7b-2dd963fe,59999,51566,-120684,45032
a99bc9df-84ae-418c-bf7b-2dd963fe,59999,51567,-47896,-46004
a99bc9df-84ae-418c-bf7b-2dd963fe,59999,51568,-100555,55348
a99bc9df-84ae-418c-bf7b-2dd963fe,59999,51569,-35780,18667
a99bc9df-84ae-418c-bf7b-2dd963fe,59999,51570,20504,3001
a99bc9df-84ae-418c-bf7b-2dd963fe,59999,51571,-81857,64519
a99bc9df-84ae-418c-bf7b-2dd963fe,59999,51572,16402,-50780
a99bc9df-84ae-418c-bf7b-2dd963fe,59999,51573,5622,19335
a99bc9df-84ae-418c-bf7b-2dd963fe,59999,51574,-29579,8445
a99bc9df-84ae-418c-bf7b-2dd963fe,59999,51700,12682,-62243
a99bc9df-84ae-418c-bf7b-2dd963fe,59999,51701,-26240,4529
a99bc9df-84ae-418c-bf7b-2dd963fe,59999,51702,-19753,-3209
a99bc9df-84ae-418c-bf7b-2dd963fe,59999,51703,-15174,-1298
a99bc9df-84ae-418c-bf7b-2dd963fe,59999,51704,-81666,5866
a99bc9df-84ae-418c-bf7b-2dd963fe,59999,51705,-30438,16279
a99bc9df-84ae-418c-bf7b-2dd963fe,59999,51706,-45701,57928
a99bc9df-84ae-418c-bf7b-2dd963fe,59999,51707,-88058,49617
a99bc9df-84ae-418c-bf7b-2dd963fe,59999,51708,-91874,47324
a99bc9df-84ae-418c-bf7b-2dd963fe,59999,51709,-88726,40924
a99bc9df-84ae-418c-bf7b-2dd963fe,59999,51710,-33491,12744
a99bc9df-84ae-418c-bf7b-2dd963fe,59999,51711,-4871,-39604
a99bc9df-84ae-418c-bf7b-2dd963fe,59999,51712,-69265,16470
a99bc9df-84ae-418c-bf7b-2dd963fe,59999,51713,-55432,69391
a99bc9df-84ae-418c-bf7b-2dd963fe,59999,51714,-6779,-72082
a99bc9df-84ae-418c-bf7b-2dd963fe,59999,51715,1616,-21072
a99bc9df-84ae-418c-bf7b-2dd963fe,59999,51716,-65544,19526
a99bc9df-84ae-418c-bf7b-2dd963fe,59999,51717,3619,14750
a99bc9df-84ae-418c-bf7b-2dd963fe,59999,51718,-11835,-42374
a99bc9df-84ae-418c-bf7b-2dd963fe,59999,51719,-107233,39873
a99bc9df-84ae-418c-bf7b-2dd963fe,59999,51720,13922,-9991
a99bc9df-84ae-418c-bf7b-2dd963fe,59999,51721,18024,-14003
a99bc9df-84ae-418c-bf7b-2dd963fe,59999,51722,-26240,11598
a99bc9df-84ae-418c-bf7b-2dd963fe,59999,51723,-22425,7108
a99bc9df-84ae-418c-bf7b-2dd963fe,59999,51724,-84528,42166
a99bc9df-84ae-418c-bf7b-2dd963fe,59999,51725,-16605,-36833
a99bc9df-84ae-418c-bf7b-2dd963fe,59999,51726,-44747,-35592
a99bc9df-84ae-418c-bf7b-2dd963fe,59999,51727,-72222,1759
a99bc9df-84ae-418c-bf7b-2dd963fe,59999,51728,-80998,11598
a99bc9df-84ae-418c-bf7b-2dd963fe,59999,51729,-85387,10165
a99bc9df-84ae-418c-bf7b-2dd963fe,59999,51730,-20326,-33108
a99bc9df-84ae-418c-bf7b-2dd963fe,59999,51731,-46942,-26708
a99bc9df-84ae-418c-bf7b-2dd963fe,59999,51732,-43221,-30815
a99bc9df-84ae-418c-bf7b-2dd963fe,59999,51733,-61919,-10277
a99bc9df-84ae-418c-bf7b-2dd963fe,59999,51734,-58198,-14672
a99bc9df-84ae-418c-bf7b-2dd963fe,59999,51735,-23665,-35401
a99bc9df-84ae-418c-bf7b-2dd963fe,59999,51736,-50090,-68452
a99bc9df-84ae-418c-bf7b-2dd963fe,59999,51737,-28244,-47532
a99bc9df-84ae-418c-bf7b-2dd963fe,59999,51738,-55241,-63198
a99bc9df-84ae-418c-bf7b-2dd963fe,59999,51739,-51807,-21740
a99bc9df-84ae-418c-bf7b-2dd963fe,59999,51740,-35399,-46290
a99bc9df-84ae-418c-bf7b-2dd963fe,59999,51741,-32155,-50207
a99bc9df-84ae-418c-bf7b-2dd963fe,59999,51742,-51807,64710
a99bc9df-84ae-418c-bf7b-2dd963fe,59999,52105,-127171,29366
a99bc9df-84ae-418c-bf7b-2dd963fe,59999,52106,12968,-31006
a99bc9df-84ae-418c-bf7b-2dd963fe,59999,52107,-1533,-4355
a99bc9df-84ae-418c-bf7b-2dd963fe,59999,52110,13826,-46099
a99bc9df-84ae-418c-bf7b-2dd963fe,59999,52114,-5158,-7412
a99bc9df-84ae-418c-bf7b-2dd963fe,59999,52135,-108091,51527
a99bc9df-84ae-418c-bf7b-2dd963fe,59999,53001,-68978,73212
a99bc9df-84ae-418c-bf7b-2dd963fe,59999,53003,8007,-6552
a99bc9df-84ae-418c-bf7b-2dd963fe,59999,53004,-28912,24971
a99bc9df-84ae-418c-bf7b-2dd963fe,59999,53005,-5825,-18397
a99bc9df-84ae-418c-bf7b-2dd963fe,59999,53006,-75656,69773
a99bc9df-84ae-418c-bf7b-2dd963fe,59999,53007,-123736,22965
a99bc9df-84ae-418c-bf7b-2dd963fe,59999,53008,-118871,14081
a99bc9df-84ae-418c-bf7b-2dd963fe,59999,53009,12205,-29765
a99bc9df-84ae-418c-bf7b-2dd963fe,59999,53014,15353,-1298
a99bc9df-84ae-418c-bf7b-2dd963fe,59999,54050,-16891,-21167
a99bc9df-84ae-418c-bf7b-2dd963fe,59999,54051,-73271,21532
a99bc9df-84ae-418c-bf7b-2dd963fe,59999,54052,11632,-57753
a99bc9df-84ae-418c-bf7b-2dd963fe,59999,54053,-75561,30225
a99bc9df-84ae-418c-bf7b-2dd963fe,59999,54054,-70219,24207
a99bc9df-84ae-418c-bf7b-2dd963fe,59999,54058,-61728,-17442
a99bc9df-84ae-418c-bf7b-2dd963fe,59999,54059,-56386,-22982
a99bc9df-84ae-418c-bf7b-2dd963fe,59999,54060,24129,-51258
a99bc9df-84ae-418c-bf7b-2dd963fe,59999,54061,12872,-12857
a99bc9df-84ae-418c-bf7b-2dd963fe,59999,54062,-18513,-17346
a99bc9df-84ae-418c-bf7b-2dd963fe,59999,54063,-7733,-67879
a99bc9df-84ae-418c-bf7b-2dd963fe,59999,54064,-50757,2618
a99bc9df-84ae-418c-bf7b-2dd963fe,59999,54065,-46178,-3400
a99bc9df-84ae-418c-bf7b-2dd963fe,59999,54066,-64685,11407
a99bc9df-84ae-418c-bf7b-2dd963fe,59999,54067,-61537,14273
a99bc9df-84ae-418c-bf7b-2dd963fe,59999,54068,-56004,8254
a99bc9df-84ae-418c-bf7b-2dd963fe,59999,54069,-59248,5866
a99bc9df-84ae-418c-bf7b-2dd963fe,59999,54070,-75847,-33299
a99bc9df-84ae-418c-bf7b-2dd963fe,59999,54071,-78327,27742
a99bc9df-84ae-418c-bf7b-2dd963fe,59999,54072,-14507,-70745
a99bc9df-84ae-418c-bf7b-2dd963fe,59999,54073,-76706,6726
a99bc9df-84ae-418c-bf7b-2dd963fe,59999,54074,1616,-36260
a99bc9df-84ae-418c-bf7b-2dd963fe,59999,54075,-48563,54966
a99bc9df-84ae-418c-bf7b-2dd963fe,59999,54076,-3154,-15722
a99bc9df-84ae-418c-bf7b-2dd963fe,59999,54077,-54096,60889
a99bc9df-84ae-418c-bf7b-2dd963fe,59999,54078,-59057,66907
a99bc9df-84ae-418c-bf7b-2dd963fe,59999,54079,185,16565
a99bc9df-84ae-418c-bf7b-2dd963fe,59999,54080,-18799,-41037
a99bc9df-84ae-418c-bf7b-2dd963fe,59999,54081,-51425,-28523
a99bc9df-84ae-418c-bf7b-2dd963fe,59999,54082,-76706,1186
a99bc9df-84ae-418c-bf7b-2dd963fe,59999,54083,-94259,12075
a99bc9df-84ae-418c-bf7b-2dd963fe,59999,54084,-96071,15992
a99bc9df-84ae-418c-bf7b-2dd963fe,59999,54085,-35303,-15531
a99bc9df-84ae-418c-bf7b-2dd963fe,59999,54087,-40455,-9131
a99bc9df-84ae-418c-bf7b-2dd963fe,59999,54088,-49136,-6552
a99bc9df-84ae-418c-bf7b-2dd963fe,59999,54089,-51711,-61192
a99bc9df-84ae-418c-bf7b-2dd963fe,59999,54090,-45892,-73802
a99bc9df-84ae-418c-bf7b-2dd963fe,59999,54091,-41886,-72082
a99bc9df-84ae-418c-bf7b-2dd963fe,59999,54092,-38451,-18493
a99bc9df-84ae-418c-bf7b-2dd963fe,59999,54093,-30247,-21454
a99bc9df-84ae-418c-bf7b-2dd963fe,59999,54094,-33681,-23938
a99bc9df-84ae-418c-bf7b-2dd963fe,59999,54095,-46369,-66542
a99bc9df-84ae-418c-bf7b-2dd963fe,59999,54096,-67070,-11233
a99bc9df-84ae-418c-bf7b-2dd963fe,59999,54097,-54192,-343
ab8190d5-d11e-4941-acc4-42f30510b408,10092,63165,-39405,-36929
ab8190d5-d11e-4941-acc4-42f30510b408,10092,63166,-29198,-81921
ab8190d5-d11e-4941-acc4-42f30510b408,10092,63167,-44080,-41896
ab8190d5-d11e-4941-acc4-42f30510b408,10092,63168,-56577,-52309
a99bc9df-84ae-418c-bf7b-2dd963fe,59999,54086,-43889,-12092
a99bc9df-84ae-418c-bf7b-2dd963fe,59999,36890,56946,-34350
