ab8190d5-d11e-4941-acc4-42f30510,10000,34054,21446,-1145
ab8190d5-d11e-4941-acc4-42f30510,10000,34058,11440,-1145
ab8190d5-d11e-4941-acc4-42f30510,10000,34053,26450,-11140
ab8190d5-d11e-4941-acc4-42f30510,10000,34051,16437,-6170
ab8190d5-d11e-4941-acc4-42f30510,10000,34048,6452,-6152
ab8190d5-d11e-4941-acc4-42f30510,10000,34056,31443,-6145
ab8190d5-d11e-4941-acc4-42f30510,10000,34046,11432,-6144
ab8190d5-d11e-4941-acc4-42f30510,10000,34044,6436,-1145
ab8190d5-d11e-4941-acc4-42f30510,10000,34043,6430,-11128
ab8190d5-d11e-4941-acc4-42f30510,10000,34055,16446,-11134
ab8190d5-d11e-4941-acc4-42f30510,10000,34050,16450,-1145
ab8190d5-d11e-4941-acc4-42f30510,10000,34049,26460,-6141
ab8190d5-d11e-4941-acc4-42f30510,10000,34047,26452,-1145
ab8190d5-d11e-4941-acc4-42f30510,10000,34042,36467,-1145
ab8190d5-d11e-4941-acc4-42f30510,10000,34059,31443,-11145
ab8190d5-d11e-4941-acc4-42f30510,10000,34040,31439,-1145

